xof 0302txt 0032
Header {
 1;
 0;
 1;
}
Frame Axis {
   FrameTransformMatrix {
0.373570,-0.860897,-0.345402,0.000000,
0.069339,-0.345402,0.935890,0.000000,
-0.925007,-0.373570,-0.069339,0.000000,
0.500000,-0.000000,-0.000000,1.000000;;
 }
Frame Box01 {
   FrameTransformMatrix {
0.860896,0.345402,0.373570,0.000000,
-0.345402,0.935890,-0.069339,0.000000,
-0.373570,-0.069339,0.925007,0.000000,
0.000000,0.000000,0.000000,1.000000;;
 }
Mesh Box011 {
 24;
-0.500000;-0.500000;0.000000;,
-0.500000;0.500000;0.000000;,
0.500000;0.500000;-0.000000;,
0.500000;-0.500000;-0.000000;,
-0.500000;-0.500000;1.000000;,
0.500000;-0.500000;1.000000;,
0.500000;0.500000;1.000000;,
-0.500000;0.500000;1.000000;,
-0.500000;-0.500000;0.000000;,
0.500000;-0.500000;-0.000000;,
0.500000;-0.500000;1.000000;,
-0.500000;-0.500000;1.000000;,
0.500000;-0.500000;-0.000000;,
0.500000;0.500000;-0.000000;,
0.500000;0.500000;1.000000;,
0.500000;-0.500000;1.000000;,
0.500000;0.500000;-0.000000;,
-0.500000;0.500000;0.000000;,
-0.500000;0.500000;1.000000;,
0.500000;0.500000;1.000000;,
-0.500000;0.500000;0.000000;,
-0.500000;-0.500000;0.000000;,
-0.500000;-0.500000;1.000000;,
-0.500000;0.500000;1.000000;;

 12;
3;0,1,2;,
3;2,3,0;,
3;4,5,6;,
3;6,7,4;,
3;8,9,10;,
3;10,11,8;,
3;12,13,14;,
3;14,15,12;,
3;16,17,18;,
3;18,19,16;,
3;20,21,22;,
3;22,23,20;;

 MeshNormals {
 24;
-0.000000;-0.000000;-1.000000;,
-0.000000;-0.000000;-1.000000;,
-0.000000;-0.000000;-1.000000;,
-0.000000;-0.000000;-1.000000;,
0.000000;0.000000;1.000000;,
0.000000;0.000000;1.000000;,
0.000000;0.000000;1.000000;,
0.000000;0.000000;1.000000;,
0.000000;-1.000000;0.000000;,
0.000000;-1.000000;0.000000;,
0.000000;-1.000000;0.000000;,
0.000000;-1.000000;0.000000;,
1.000000;-0.000000;0.000000;,
1.000000;-0.000000;0.000000;,
1.000000;-0.000000;0.000000;,
1.000000;0.000000;0.000000;,
-0.000000;1.000000;0.000000;,
-0.000000;1.000000;0.000000;,
-0.000000;1.000000;0.000000;,
0.000000;1.000000;0.000000;,
-1.000000;-0.000000;0.000000;,
-1.000000;0.000000;0.000000;,
-1.000000;-0.000000;0.000000;,
-1.000000;-0.000000;0.000000;;

 12;
3;0,1,2;,
3;2,3,0;,
3;4,5,6;,
3;6,7,4;,
3;8,9,10;,
3;10,11,8;,
3;12,13,14;,
3;14,15,12;,
3;16,17,18;,
3;18,19,16;,
3;20,21,22;,
3;22,23,20;;
 }
}
 }
 }
